000009000000012000
000012000000033000
000033000000037000
000037000000044000
000044000000051000
000051000000058000
000058000000105000
000105000000112000
000112000000118000
000118000000122000
000122000000125000
000125000000128000
000128000000154000
000158000000206000
000206000000213000
000213000000220000
000220000000226000
000227000000234000
000234000000240000
000241000000244000
000245000000247000
000247000000252000
000252000000319000
000321000000328000
000328000000335000
000335000000339000
000340000000342000
000342000000347000
000347000000349000
000349000000352000
000352000000356000
000356000000359000
000359000000403000
000403000000406000
000406000000409000
000409000000412000
000413000000415000
000416000000419000
000419000000422000
000422000000426000
000426000000429000
000429000000432000
000432000000438000
000438000000443000
000443000000446000
000446000000449000
000450000000453000
000453000000456000
000456000000459000
000500000000503000
000503000000506000
000507000000510000
000510000000513000
000513000000514000
000514000000516000
000517000000520000
000520000000523000
000523000000527000
000527000000530000
000530000000531000
000531000000532000
000533000000534000
000534000000536000
000536000000540000
000540000000544000
000544000000544000
000544000000547000
000548000000550000
000550000000553000
000553000000556000
000557000000601000
000601000000603000
000603000000607000
000607000000610000
000610000000614000
000614000000617000
000617000000620000
000620000000624000
000624000000628000
000628000000700000
000700000000703000
000703000000715000
000724000000727000
000727000000732000
000732000000735000
000735000000738000
000738000000738000
000738000000742000
000742000000742000
000742000000743000
000744000000745000
000746000000746000
000746000000750000
000750000000752000
000752000000753000
000753000000755000
000755000000757000
000757000000759000
000800000000801000
000801000000803000
000803000000806000
000807000000810000
000810000000811000
000812000000817000
000817000000822000
000823000000824000
000824000000827000
000827000000830000
000830000000833000
000833000000837000
000837000000843000
000843000000846000
000847000000850000
000850000000853000
000853000000856000
000856000000859000
000859000000902000
000902000000909000
000909000000915000
000915000000920000
000920000000926000
000926000000934000
000935000000938000
000938000000941000
000941000000944000
000944000000947000
000947000000949000
000949000000951000
000951000000953000
000954000000957000
000957000001000000
001000000001002000
001002000001003000
001003000001006000
001006000001008000
001008000001010000
001011000001011000
001012000001013000
001013000001016000
001017000001020000
001020000001023000
001023000001026000
001026000001028000
001028000001032000
001032000001035000
001035000001037000
001037000001042000
001042000001048000
001048000001053000
001054000001057000
001057000001102000
001102000001109000
001109000001114000
001115000001121000
001122000001124000
001124000001127000
001127000001150000
001155000001201000
001202000001207000
001208000001214000
001214000001219000
001219000001222000
001222000001228000
001228000001231000
001231000001249000
001253000001256000
001256000001315000
001316000001321000
001321000001327000
001327000001332000
001333000001338000
001338000001341000
001341000001343000
001343000001349000
001349000001355000
001355000001359000
001359000001404000
001404000001409000
001409000001413000
001414000001415000
001415000001421000
001421000001426000
001426000001434000
001434000001436000
001436000001440000
001440000001445000
001446000001446000
001446000001448000
001448000001451000
001451000001457000
001457000001502000
001502000001504000
001504000001508000
001508000001509000
001509000001513000
001513000001517000
001517000001522000
001523000001528000
001528000001534000
001534000001546000
001546000001549000
001549000001552000
001552000001604000
001611000001611000
001611000001615000
001615000001617000
001618000001625000
001625000001629000
001630000001633000
001633000001637000
001637000001640000
001640000001645000
001645000001647000
001647000001654000
001654000001656000
001656000001719000
001719000001719000
001720000001723000
001723000001727000
001728000001728000
001729000001740000
001742000001745000
001745000001757000
001807000001808000
001808000001812000
001812000001820000
001820000001825000
001825000001828000
001828000001837000
001837000001844000
001844000001851000
001852000001855000
001855000001858000
001858000001902000
001902000001906000
001906000001919000
001919000001923000
001923000001926000
001926000001930000
001930000001930000
001930000001933000
001933000001937000
001937000001940000
001940000001944000
001944000001948000
001948000001951000
001951000001955000
001955000001958000
001958000001959000
001959000002002000
002002000002005000
002005000002008000
002008000002008000
002008000002010000
002010000002012000
002012000002016000
002016000002028000
002028000002032000
002033000002035000
002035000002039000
002040000002043000
002043000002046000
002047000002049000
002049000002053000
002054000002057000
002057000002058000
002058000002101000
002101000002104000
002106000002108000
002108000002111000
002111000002115000
002115000002118000
002118000002121000
002121000002124000
002125000002126000
002126000002132000
002132000002133000
002133000002134000
002134000002136000
002136000002138000
002138000002141000
002141000002145000
002145000002148000
002148000002153000
002153000002156000
002157000002200000
002200000002203000
002204000002206000
002206000002207000
002207000002207000
002208000002210000
002210000002213000
002213000002216000
002217000002217000
002218000002220000
002220000002223000
002223000002226000
002227000002227000
002227000002230000
002230000002233000
002233000002234000
002234000002237000
002238000002240000
002241000002243000
002244000002249000
002249000002252000
002252000002253000
002303000002304000
002304000002308000
002308000002310000
002311000002314000
002314000002316000
002316000002318000
002319000002320000
002320000002323000
002323000002333000
002333000002339000
002339000002341000
002341000002347000
002347000002352000
002352000002355000
002356000002401000
002401000002405000
002405000002408000
002409000002415000
002415000002418000
002418000002421000
002421000002427000
002427000002431000
002431000002434000
002435000002440000
002440000002444000
002445000002448000
002448000002453000
002453000002456000
002457000002500000
002500000002504000
002505000002507000
002507000002510000
002510000002517000
002517000002520000
002520000002524000
002524000002528000
002528000002531000
002531000002534000
002535000002538000
002538000002541000
002542000002547000
002547000002550000
002550000002554000
002554000002555000
002555000002556000
002557000002601000
002601000002604000
002604000002606000
002606000002609000
002609000002613000
002614000002615000
002615000002617000
002617000002620000
002620000002645000
002645000002650000
002650000002650000
002650000002651000
002651000002655000
002655000002657000
002658000002700000
002700000002703000
002703000002715000
002719000002722000
002722000002739000
002740000002746000
002746000002752000
002752000002758000
002758000002804000
002804000002810000
002810000002816000
002816000002822000
002822000002827000
002828000002828000
002829000002833000
002833000002834000
002834000002839000
002840000002840000
002841000002846000
002847000002852000
002853000002909000
002909000002915000
002915000002915000
002915000002921000
002921000002926000
002926000002931000
002932000002932000
002932000002937000
002937000002937000
002938000002943000
002943000002948000
002949000002954000
002955000003000000
003000000003003000
003003000003004000
003007000003010000
003010000003018000
003019000003020000
003020000003023000
003023000003035000
003035000003038000
003038000003042000
003042000003042000
003042000003045000
003046000003049000
003049000003053000
003053000003056000
003057000003100000
003100000003104000
003104000003105000
003105000003111000
003112000003112000
003113000003118000
003118000003133000
003133000003137000
003137000003140000
003140000003144000
003144000003148000
003149000003151000
003152000003155000
003155000003202000
003202000003203000
003204000003211000
003211000003218000
003218000003226000
003226000003232000
003233000003240000
003241000003248000
003248000003254000
003254000003321000
003344000003348000
003349000003353000
003353000003355000
003356000003359000
003359000003401000
003401000003403000
003404000003406000
003407000003418000
003449000003454000
003454000003457000
003458000003501000
003502000003503000
003504000003505000
003506000003508000
003508000003515000
003515000003519000
003520000003523000
003523000003528000
003528000003532000
003532000003538000
003538000003542000
003542000003545000
003546000003551000
003551000003555000
003555000003559000
003559000003605000
003605000003609000
003609000003613000
003613000003619000
003619000003622000
003622000003626000
003626000003632000
003633000003636000
003636000003643000
003643000003650000
003650000003656000
003656000003704000
003704000003711000
003711000003718000
003718000003724000
003725000003731000
003732000003735000
003735000003742000
003742000003749000
003749000003756000
003756000003808000
003808000003814000
003814000003822000
003822000003828000
003828000003834000
003834000003834000
003835000003838000
003838000003845000
003845000003852000
003852000003859000
003859000003902000
003902000003924000
003926000003927000
003927000003929000
003929000003941000
003945000003954000
003954000004000000
004000000004002000
004003000004004000
004005000004005000
004005000004007000
004007000004007000
004008000004009000
004009000004009000
004010000004012000
004013000004018000
004018000004021000
004021000004024000
004024000004025000
004025000004025000
004025000004027000
004027000004027000
004027000004028000
004028000004029000
004029000004031000
004031000004032000
004032000004035000
004035000004036000
004036000004039000
004039000004040000
004040000004040000
004040000004044000
004044000004049000
004049000004055000
004056000004058000
004058000004100000
004100000004101000
004102000004102000
004102000004102000
004102000004110000
004111000004111000
004112000004116000
004116000004121000
004121000004122000
004123000004125000
004125000004129000
004129000004132000
004140000004142000
004142000004144000
004144000004146000
004146000004147000
004147000004149000
004149000004151000
004151000004156000
004157000004159000
004200000004211000
004211000004215000
004215000004219000
004219000004223000
004223000004227000
004227000004228000
004228000004232000
004232000004235000
004235000004237000
004237000004240000
004240000004245000
004246000004257000
004300000004302000
004302000004304000
004304000004308000
004308000004312000
004312000004316000
004316000004318000
004318000004320000
004320000004324000
004325000004326000
004327000004329000
004329000004332000
004332000004340000
004340000004345000
004345000004348000
004349000004356000
004356000004357000
004357000004400000
004400000004403000
004403000004404000
004404000004408000
004409000004411000
004411000004413000
004413000004415000
004415000004420000
004421000004425000
004425000004425000
004426000004429000
004429000004437000
004437000004440000
004440000004441000
004441000004442000
004442000004444000
004444000004445000
004445000004450000
004450000004454000
004454000004511000
004511000004514000
004514000004518000
004518000004522000
004522000004527000
004528000004531000
004532000004533000
004533000004533000
004533000004536000
004536000004540000
004540000004544000
004544000004545000
004545000004547000
004547000004553000
004553000004556000
004556000004608000
004710000004710000
005012000005014000
005014000005015000
005015000005027000
005032000005032000
005032000005034000
005034000005038000
005038000005040000
005040000005043000
005044000005047000
005047000005049000
005049000005049000
005049000005050000
005050000005053000
005053000005055000
005055000005059000
005059000005103000
005103000005104000
005105000005105000
005105000005108000
005108000005110000
005110000005114000
005114000005118000
005118000005120000
005120000005120000
005121000005123000
005123000005129000
005130000005141000
005156000005157000
005157000005158000
005159000005202000
005202000005204000
005204000005208000
005208000005212000
005212000005212000
005212000005218000
005218000005219000
005220000005223000
005223000005225000
005225000005227000
005227000005228000
005228000005228000
005229000005229000
005229000005229000
005230000005232000
005233000005235000
005235000005239000
005239000005242000
005242000005244000
005245000005248000
005248000005254000
005254000005255000
005255000005301000
005302000005313000
005336000005338000
005338000005341000
005341000005342000
005342000005343000
005343000005348000
005348000005349000
005349000005350000
005350000005351000
005352000005353000
005353000005354000
005355000005357000
005358000005359000
005400000005403000
005403000005415000
005422000005425000
005431000005438000
005438000005440000
005441000005442000
005442000005443000
005444000005444000
005444000005446000
005446000005449000
005450000005452000
005453000005455000
005455000005456000
005456000005458000
005458000005459000
005459000005501000
005501000005504000
005504000005507000
005507000005508000
005508000005510000
005510000005513000
005513000005516000
005516000005518000
005519000005519000
005520000005521000
005522000005525000
005525000005526000
005527000005528000
005528000005531000
005531000005533000
005534000005534000
005535000005536000
005536000005540000
005540000005543000
005543000005546000
005547000005549000
005549000005559000
005600000005603000
005603000005605000
005606000005606000
005606000005608000
005608000005609000
005609000005612000
005612000005614000
005614000005617000
005617000005618000
005618000005620000
005620000005621000
005622000005623000
005623000005626000
005626000005629000
005630000005633000
005633000005635000
005635000005638000
005638000005641000
005641000005646000
005646000005652000
005652000005658000
005658000005704000
005704000005710000
005710000005733000
005734000005737000
005737000005740000
005740000005743000
005744000005745000
005745000005748000
005749000005751000
005752000005755000
005755000005757000
005757000005800000
005800000005803000
005803000005807000
005807000005808000
005809000005812000
005812000005815000
005815000005819000
005819000005820000
005820000005823000
005823000005824000
005825000005827000
005827000005831000
005831000
